%valid start
startQ = [1.56566 6.03025 2.13871 3.67735 1.40625;
         1.09951 1.23524 1.57761 3.87072 2.97376;
         1.53703 2.12195 5.65521 2.32005 0.698708;
         1.71848 1.86184 4.67904 1.18724 4.31514;
         0.652642 1.89279 2.9589 1.4482 5.30495;
         0.977357 5.80177 2.70307 1.16124 5.68553;
         1.86892 1.64753 3.78777 4.4687 1.39328;
         0.368878 1.86407 2.00294 2.66512 3.19097;
         0.822693 2.10711 4.27086 0.857989 4.53161;
         0.333688 2.33992 1.24481 3.0768 2.1331;
         0.791072 1.82489 3.8773 1.66681 5.17971;
         0.0707254 2.67198 1.96487 1.01464 1.12322;
         1.32853 0.59206 3.76064 2.9589 4.37278;
         0.882804 2.76514 3.31214 2.87408 5.50012;
         0.800447 1.40769 4.19612 5.30547 2.16432];

%valid goal
goalQ = [0.954219 2.39178 5.15862 1.07671 2.0733;
         1.34002 2.40607 0.186408 2.96768 2.09464];



